0.0869 0.0834 0.0745 0.0846 0.0888 0.0815 0.0789 0.0901 0.0750 0.0965
|
0.9634 0.9069 0.8746 0.6716 0.4510 0.3270 0.3142 0.1820 0.1734 0.1513
0.9484 0.9743 0.9678 0.9074 0.7570 0.5972 0.5719 0.2807 0.2479 0.1369
0.9305 0.9772 0.9778 0.9341 0.8206 0.6923 0.6666 0.3941 0.3582 0.1932
0.8887 0.9655 0.9720 0.9745 0.9302 0.8676 0.8552 0.5944 0.5620 0.3584
0.8594 0.9470 0.9544 0.9702 0.9671 0.9433 0.9370 0.7797 0.7515 0.5468
0.8553 0.9352 0.9429 0.9649 0.9750 0.9750 0.9723 0.8834 0.8651 0.6786
0.8207 0.9199 0.9308 0.9592 0.9751 0.9844 0.9834 0.9139 0.8986 0.7366
0.8019 0.9050 0.9129 0.9384 0.9562 0.9711 0.9719 0.9723 0.9661 0.9016
0.8123 0.9023 0.9070 0.9335 0.9463 0.9650 0.9659 0.9781 0.9778 0.9378
0.7732 0.8838 0.8883 0.9151 0.9253 0.9434 0.9444 0.9669 0.9679 0.9739

Final Accuracy: 0.9182
Backward: -0.0557
Forward:  0.7719
